height: 480
width: 752
Left:
cx: 370.557
cy: 210.52
fx: 392.719
fy: 379.325
k1: -3.466
k2: 27.2445
k3: 4.22743
k4: -3.01156
k5: 25.6595
p1: 0.00348192
p2: -0.00075876
right: 
cx: 379.858
cy: 205.876
fx: 394.241
fy: 380.823
k1: 2.56471
k2: 62.0745
k3: 8.01314
k4: 2.99136
k5: 63.542
p1: 0.00489236
p2: -0.00119062
